; Set epsilon value
0.4

; Set head's value
100

; Set others' value
0

; Set total groups
6

; For each group, set adjacency matrix

; Group 0
[
 [0 1 1 1]
 [1 0 0 0]
 [1 0 0 0]
 [1 0 0 0]
]

; Group 1
[
 [0 1 1 1 1 1 1 1]
 [1 0 1 0 0 0 0 1]
 [1 1 0 1 0 0 0 0]
 [1 0 1 0 1 0 0 0]
 [1 0 0 1 0 1 0 0]
 [1 0 0 0 1 0 1 0]
 [1 0 0 0 0 1 0 1]
 [1 1 0 0 0 0 1 0]
]

; Group 2
[
 [0 1 1 1 1 1]
 [1 0 1 1 1 1]
 [1 1 0 1 1 1]
 [1 1 1 0 1 1]
 [1 1 1 1 0 1]
 [1 1 1 1 1 0]
]

; Group 3
[
 [0 1 0 0 0 0 0 0 0 0]
 [1 0 1 0 0 0 0 0 0 1]
 [0 1 0 1 0 0 0 0 0 0]
 [0 0 1 0 1 0 0 0 0 0]
 [0 0 0 1 0 1 0 0 0 0]
 [0 0 0 0 1 0 1 0 0 0]
 [0 0 0 0 0 1 0 1 0 0]
 [0 0 0 0 0 0 1 0 1 0]
 [0 0 0 0 0 0 0 1 0 1]
 [0 1 0 0 0 0 0 0 1 0]
]

; Group 4
[
 [0 1 0 0 1 0 0 1]
 [1 0 1 0 0 0 0 0]
 [0 1 0 1 0 0 0 0]
 [0 0 1 0 1 0 0 0]
 [1 0 0 1 0 1 0 0]
 [0 0 0 0 1 0 1 0]
 [0 0 0 0 0 1 0 1]
 [1 0 0 0 0 0 1 0]
]

; Group 5
[
 [0 1 0 0]
 [1 0 1 1]
 [0 1 0 0]
 [0 1 0 0]
]

; Set complementary links
[[0 3] [4 2]]
; Set epsilon value
0.4

; Set head's value
100

; Set others' value
0

; Set total groups
6

; For each group, set adjacency matrix

; Group 0
[
 [0 1 1 1]
 [1 0 0 0]
 [1 0 0 0]
 [1 0 0 0]
]

; Group 1
[
 [0 1 1 1 1 1 1 1]
 [1 0 1 0 0 0 0 1]
 [1 1 0 1 0 0 0 0]
 [1 0 1 0 1 0 0 0]
 [1 0 0 1 0 1 0 0]
 [1 0 0 0 1 0 1 0]
 [1 0 0 0 0 1 0 1]
 [1 1 0 0 0 0 1 0]
]

; Group 2
[
 [0 1 1 1 1 1]
 [1 0 1 1 1 1]
 [1 1 0 1 1 1]
 [1 1 1 0 1 1]
 [1 1 1 1 0 1]
 [1 1 1 1 1 0]
]

; Group 3
[
 [0 1 0 0 0 0 0 0 0 0]
 [1 0 1 0 0 0 0 0 0 1]
 [0 1 0 1 0 0 0 0 0 0]
 [0 0 1 0 1 0 0 0 0 0]
 [0 0 0 1 0 1 0 0 0 0]
 [0 0 0 0 1 0 1 0 0 0]
 [0 0 0 0 0 1 0 1 0 0]
 [0 0 0 0 0 0 1 0 1 0]
 [0 0 0 0 0 0 0 1 0 1]
 [0 1 0 0 0 0 0 0 1 0]
]

; Group 4
[
 [0 1 0 0 1 0 0 1]
 [1 0 1 0 0 0 0 0]
 [0 1 0 1 0 0 0 0]
 [0 0 1 0 1 0 0 0]
 [1 0 0 1 0 1 0 0]
 [0 0 0 0 1 0 1 0]
 [0 0 0 0 0 1 0 1]
 [1 0 0 0 0 0 1 0]
]

; Group 5
[
 [0 1 0 0]
 [1 0 1 1]
 [0 1 0 0]
 [0 1 0 0]
]

; Set complementary links
[[4 2] [0 3]]
